0.068482 0.503418 0.395860 0.919199
0.063400 0.953280 0.422536 0.851185
0.053905 0.348794 0.026537 0.302110
0.055819 0.727128 0.540976 0.254771
0.047595 0.499905 0.441428 0.310471
0.065683 0.586289 0.387275 0.544640
0.005163 0.316814 0.793598 0.551433
0.075253 0.388389 0.599757 0.465428
0.069780 0.492586 0.126788 0.792640
0.049614 0.546971 0.469871 0.217257
0.097023 0.684791 0.425087 0.247344
0.062342 0.108048 0.535526 0.330265
0.083535 0.164263 0.737953 0.656490
0.040434 0.152947 0.415576 0.410769
0.009800 0.020914 0.325328 0.817495
0.050976 0.211058 0.706117 0.847293
0.018708 0.871391 0.023002 0.971456
0.014536 0.207816 0.834079 0.773378
0.033586 0.193359 0.732967 0.398564
0.090091 0.420640 0.726259 0.843998
0.065431 0.060230 0.276559 0.672269
0.037275 0.949430 0.811543 0.576922
0.064978 0.626181 0.152314 0.664879
0.070456 0.801170 0.571218 0.027819
0.080987 0.559837 0.291978 0.473105
0.059785 0.159083 0.517063 0.159355
0.095276 0.875859 0.945758 0.402574
0.001386 0.984607 0.461301 0.953973
0.060623 0.223516 0.094981 0.510831
0.018192 0.457527 0.903769 0.034295
0.067281 0.707013 0.631324 0.529533
0.023917 0.180015 0.999236 0.990694
0.044686 0.297053 0.622230 0.721047
0.026770 0.893975 0.231983 0.251185
0.053151 0.654123 0.017645 0.340421
0.056420 0.286825 0.863744 0.921433
0.066397 0.452512 0.097833 0.040972
0.035939 0.574320 0.643422 0.640734
0.014422 0.903944 0.952046 0.475849
0.013824 0.940864 0.045006 0.556465
0.038489 0.738284 0.227520 0.582642
0.051433 0.847214 0.671610 0.978687
0.003155 0.731108 0.789045 0.628345
0.093432 0.243205 0.341930 0.179965
0.084046 0.294063 0.458694 0.349942
0.097850 0.013614 0.033787 0.683503
0.085541 0.114808 0.112302 0.606363
0.006926 0.351090 0.502378 0.120645
0.017614 0.804784 0.906836 0.825524
0.089346 0.936770 0.619401 0.562133
0.027563 0.124341 0.818268 0.282292
0.022125 0.299771 0.357014 0.385841
0.093060 0.190542 0.107987 0.813460
0.090829 0.537389 0.969093 0.788248
0.006299 0.887486 0.499010 0.961285
0.061427 0.721669 0.309031 0.143558
0.043350 0.446372 0.207269 0.926414
0.033082 0.525234 0.967612 0.344054
0.052503 0.658214 0.281328 0.050034
0.019943 0.990246 0.592382 0.632368
0.001932 0.777907 0.174661 0.521796
0.073672 0.646621 0.411359 0.076191
0.011277 0.885024 0.330618 0.222909
0.049278 0.932447 0.937646 0.525970
0.072854 0.071189 0.299648 0.599970
0.082394 0.186533 0.954473 0.749907
0.079761 0.436895 0.798606 0.139874
0.025137 0.200495 0.829751 0.025662
0.081757 0.079050 0.196876 0.587044
0.004699 0.856641 0.053263 0.068786
0.092073 0.261594 0.916057 0.113503
0.086896 0.509419 0.122318 0.513666
0.086530 0.463497 0.322490 0.871500
0.087945 0.469340 0.473631 0.165030
0.079898 0.966791 0.562098 0.123499
0.011488 0.225476 0.137197 0.661604
0.056479 0.683061 0.884501 0.320380
0.048024 0.600731 0.194944 0.070487
0.027284 0.439616 0.478234 0.982692
0.050785 0.879062 0.838699 0.109182
0.032751 0.488752 0.051834 0.996530
0.062879 0.608195 0.361949 0.433309
0.059244 0.787267 0.567605 0.265672
0.029264 0.909578 0.156269 0.756563
0.021470 0.925462 0.550364 0.419495
0.024645 0.228792 0.191037 0.064257
0.021920 0.478788 0.991092 0.966981
0.064532 0.945070 0.260221 0.290009
0.037962 0.769694 0.144095 0.048707
0.066023 0.900271 0.924649 0.929109
0.087257 0.084556 0.147585 0.354365
0.034151 0.715386 0.824957 0.637725
0.048616 0.125849 0.254922 0.694787
0.020785 0.550391 0.236339 0.945521
0.052328 0.562618 0.507370 0.191718
0.064356 0.150243 0.010977 0.496721
0.067687 0.056142 0.484605 0.180572
0.036952 0.403683 0.805886 0.855596
0.044412 0.723614 0.001508 0.838092
0.034743 0.809657 0.931211 0.743602
0.099032 0.994577 0.779270 0.670865
0.050048 0.391137 0.265996 0.211352
0.019560 0.244443 0.083929 0.937880
0.007220 0.306928 0.493296 0.336793
0.011921 0.050082 0.917782 0.078634
0.084284 0.534842 0.208964 0.601816
0.077464 0.032061 0.762351 0.168456
0.071921 0.820950 0.182413 0.807731
0.058235 0.475545 0.530889 0.888419
0.094468 0.411818 0.873337 0.241763
0.003380 0.634572 0.007594 0.588327
0.031786 0.790360 0.981337 0.333735
0.078612 0.311046 0.635697 0.105374
0.035619 0.416257 0.078906 0.609453
0.027990 0.844347 0.369855 0.682667
0.025974 0.695002 0.263066 0.362507
0.060977 0.696962 0.962111 0.477662
0.055548 0.974085 0.587837 0.770109
0.074017 0.743205 0.464838 0.763324
0.030338 0.089795 0.456107 0.975127
0.086000 0.433304 0.042406 0.884243
0.045762 0.276728 0.752116 0.033481
0.016175 0.997503 0.823798 0.279154
0.098421 0.622592 0.169890 0.426509
0.047048 0.636551 0.524948 0.131314
0.025795 0.134943 0.401085 0.440305
0.010120 0.345463 0.759442 0.902789
0.099278 0.181520 0.295718 0.695326
0.050159 0.166284 0.909585 0.377735
0.078635 0.773561 0.178599 0.305003
0.041731 0.378489 0.607255 0.492805
0.054496 0.906422 0.611344 0.700974
0.032127 0.689625 0.688060 0.905875
0.059211 0.763307 0.785849 0.517775
0.031461 0.912892 0.391217 0.374160
0.008287 0.172201 0.188006 0.483021
0.090380 0.399510 0.133827 0.571100
0.026563 0.252259 0.802929 0.499569
0.068960 0.320127 0.521302 0.294660
0.013127 0.576561 0.659662 0.224648
0.020100 0.289059 0.319822 0.203560
0.023216 0.271839 0.270913 0.059153
0.069159 0.099366 0.286822 0.803542
0.004528 0.197178 0.698026 0.414798
0.082902 0.136771 0.920750 0.154617
0.076719 0.141794 0.892969 0.734528
0.094213 0.523024 0.624929 0.794192
0.002708 0.385070 0.595609 0.128623
0.087479 0.282593 0.307216 0.827429
0.037705 0.505438 0.029504 0.620645
0.091006 0.756332 0.722886 0.042061
0.054973 0.677102 0.755809 0.085825
0.007787 0.858122 0.748162 0.536486
0.044162 0.643441 0.069230 0.423208
0.008808 0.614247 0.889805 0.911110
0.029811 0.068071 0.584207 0.751720
0.071786 0.835240 0.845094 0.020451
0.025245 0.258411 0.537613 0.258744
0.058572 0.493380 0.691632 0.323564
0.005428 0.035877 0.780384 0.207767
0.089045 0.617985 0.058782 0.459987
0.022939 0.824133 0.355198 0.895817
0.097251 0.865056 0.555685 0.995230
0.028434 0.530620 0.653360 0.239029
0.034310 0.665945 0.868223 0.214307
0.098363 0.591554 0.702079 0.648250
0.017754 0.828393 0.898664 0.393727
0.053335 0.337673 0.036989 0.542294
0.042643 0.519710 0.431082 0.859911
0.078177 0.781212 0.848677 0.230676
0.046482 0.924502 0.087956 0.369269
0.020813 0.796227 0.352027 0.943085
0.039118 0.749729 0.995873 0.134160
0.016031 0.957110 0.713137 0.775551
0.067992 0.962280 0.942879 0.913497
0.080466 0.567263 0.336476 0.867582
0.061945 0.890744 0.814525 0.897393
0.038937 0.045439 0.667553 0.507086
0.092822 0.212934 0.091697 0.094092
0.012350 0.754335 0.512518 0.194409
0.010737 0.307764 0.301335 0.268825
0.073306 0.933347 0.766086 0.362175
0.015397 0.235671 0.881071 0.388120
0.095989 0.424732 0.557208 0.712073
0.094031 0.269836 0.678647 0.185511
0.019127 0.516031 0.693369 0.463865
0.081800 0.671519 0.365520 0.397975
0.079015 0.815458 0.481538 0.378789
0.075709 0.022969 0.740695 0.727876
0.041923 0.866486 0.064525 0.783308
0.076562 0.970169 0.131926 0.705212
0.016600 0.471255 0.866469 0.435192
0.022407 0.016061 0.375920 0.643717
0.074427 0.365784 0.103378 0.234341
0.041367 0.976605 0.278876 0.837207
0.060347 0.339868 0.419457 0.451009
0.081323 0.328192 0.637559 0.876516
0.042439 0.738897 0.575565 0.951197
0.083251 0.040323 0.613196 0.487351
0.032303 0.851049 0.769142 0.933823
0.070005 0.569531 0.344818 0.271506
0.075919 0.117526 0.672901 0.831115
0.009583 0.406318 0.648731 0.081987
0.043767 0.218845 0.488620 0.889858
0.057285 0.983326 0.016146 0.263205
0.007470 0.442145 0.396672 0.726238
0.030168 0.627925 0.116399 0.317850
0.009281 0.046450 0.450610 0.737341
0.045187 0.097008 0.509475 0.092054
0.045730 0.556428 0.856527 0.864018
0.004072 0.360902 0.223997 0.617737
0.094924 0.711417 0.117577 0.739654
0.015051 0.236213 0.933497 0.286065
0.085282 0.605197 0.164440 0.454413
0.066977 0.702957 0.068845 0.015315
0.048316 0.356108 0.315804 0.625182
0.084860 0.147274 0.854787 0.957011
0.001474 0.266208 0.377450 0.197541
0.024180 0.174893 0.975490 0.679039
0.005889 0.061819 0.238471 0.164134
0.057097 0.581126 0.979430 0.780599
0.046785 0.102960 0.439804 0.104584
0.074659 0.837667 0.731493 0.447352
0.070808 0.650981 0.214516 0.564636
0.013299 0.830868 0.877584 0.651923
0.088833 0.427227 0.445020 0.442688
0.039730 0.594142 0.840961 0.575867
0.036609 0.377888 0.682969 0.708262
0.040882 0.323162 0.407756 0.355876
0.051762 0.760207 0.601336 0.614710
0.096241 0.111638 0.249878 0.689588
0.054266 0.597039 0.986217 0.098862
0.099855 0.373583 0.664167 0.295238
0.072580 0.484429 0.074271 0.010029
0.063689 0.812089 0.244775 0.149361
0.017028 0.397878 0.201803 0.592613
0.002511 0.706423 0.219053 0.173097
0.092242 0.089053 0.545578 0.716412
0.058019 0.130488 0.433251 0.987679
0.091624 0.669115 0.241710 0.146812
0.031064 0.370174 0.383563 0.539154
0.071281 0.919768 0.773343 0.559430
0.062544 0.332116 0.958636 0.501507
0.039831 0.784661 0.167221 0.314669
0.012621 0.250344 0.719692 0.879493
0.077198 0.075329 0.578810 0.409793
0.035365 0.028612 0.708301 0.758840
0.096528 0.543843 0.648345 0.819435
0.088320 0.453823 0.339627 0.800492
0.028901 0.661850 0.157213 0.053656
